{
    "w": 2160,
    "h": 3840,
    "fl_x": 3526.1407876416215,
    "fl_y": 3520.8396277227757,
    "cx": 1116.1433407811926,
    "cy": 1922.998897119624,
    "k1": 0.05784823361758513,
    "k2": -0.0592062450310424,
    "p1": 0.0023937438185510293,
    "p2": 0.0003419381541391646,
    "camera_model": "OPENCV",
    "frames": [
        {
            "file_path": "images/frame_00191.png",
            "transform_matrix": [
                [
                    -0.1357938047130581,
                    -0.9904717396912335,
                    -0.022929794472977223,
                    -0.20407157734508355
                ],
                [
                    0.7658734018971506,
                    -0.11962694710532869,
                    0.6317652457936764,
                    4.835498838527253
                ],
                [
                    -0.6284886433882774,
                    0.06822848671398213,
                    0.7748205590539543,
                    -1.6922898250173215
                ],
                [
                    0.0,
                    0.0,
                    0.0,
                    1.0
                ]
            ],
            "colmap_im_id": 191
        },
        {
            "file_path": "images/frame_00190.png",
            "transform_matrix": [
                [
                    -0.13566670252066793,
                    -0.9904892556312798,
                    -0.022925538296014465,
                    -0.20289210852025802
                ],
                [
                    0.7680761140545954,
                    -0.11976291714101708,
                    0.6290595573526134,
                    4.824464958770964
                ],
                [
                    -0.625822362053291,
                    0.06773387746812744,
                    0.7770189785308799,
                    -1.6895452723457143
                ],
                [
                    0.0,
                    0.0,
                    0.0,
                    1.0
                ]
            ],
            "colmap_im_id": 190
        },
        {
            "file_path": "images/frame_00189.png",
            "transform_matrix": [
                [
                    -0.13570622756464246,
                    -0.9904826093282998,
                    -0.022978694879734463,
                    -0.20402326523457429
                ],
                [
                    0.770401053760624,
                    -0.12007915958402456,
                    0.626149512335604,
                    4.815355818459862
                ],
                [
                    -0.6229494651773079,
                    0.06726957746111409,
                    0.7793643357143752,
                    -1.683132810375623
                ],
                [
                    0.0,
                    0.0,
                    0.0,
                    1.0
                ]
            ],
            "colmap_im_id": 189
        },
        {
            "file_path": "images/frame_00188.png",
            "transform_matrix": [
                [
                    -0.13617513706870277,
                    -0.9904248084888071,
                    -0.022694289462979078,
                    -0.20416219393000906
                ],
                [
                    0.7730563562421672,
                    -0.1205588789786361,
                    0.6227755829935839,
                    4.806114091030655
                ],
                [
                    -0.619548385614799,
                    0.06726258565743697,
                    0.7820713154519682,
                    -1.6765403611548817
                ],
                [
                    0.0,
                    0.0,
                    0.0,
                    1.0
                ]
            ],
            "colmap_im_id": 188
        },
        {
            "file_path": "images/frame_00187.png",
            "transform_matrix": [
                [
                    -0.1360959362310708,
                    -0.9904379094713183,
                    -0.022597425151404036,
                    -0.20591503272814893
                ],
                [
                    0.7762071681496825,
                    -0.12077684258441065,
                    0.6188015727261778,
                    4.795010154734553
                ],
                [
                    -0.6156137817288035,
                    0.0666760959971825,
                    0.7852222424053813,
                    -1.6721406752998889
                ],
                [
                    0.0,
                    0.0,
                    0.0,
                    1.0
                ]
            ],
            "colmap_im_id": 187
        },
        {
            "file_path": "images/frame_00186.png",
            "transform_matrix": [
                [
                    -0.13616022012173398,
                    -0.9904387480877288,
                    -0.02216936496188671,
                    -0.20725293702633735
                ],
                [
                    0.7798453180618872,
                    -0.12095627200894103,
                    0.6141749426333291,
                    4.782605523891439
                ],
                [
                    -0.6109841850272026,
                    0.06633751991227486,
                    0.7888584531451339,
                    -1.6649672567040725
                ],
                [
                    0.0,
                    0.0,
                    0.0,
                    1.0
                ]
            ],
            "colmap_im_id": 186
        },
        {
            "file_path": "images/frame_00185.png",
            "transform_matrix": [
                [
                    -0.1364468067050425,
                    -0.9904136087190495,
                    -0.02152098055633236,
                    -0.20675421356876944
                ],
                [
                    0.7838991100821667,
                    -0.12122761852171207,
                    0.6089384613570907,
                    4.768311033002939
                ],
                [
                    -0.6057098762215981,
                    0.06621743102585245,
                    0.7929254679198751,
                    -1.6559127394737847
                ],
                [
                    0.0,
                    0.0,
                    0.0,
                    1.0
                ]
            ],
            "colmap_im_id": 185
        },
        {
            "file_path": "images/frame_00184.png",
            "transform_matrix": [
                [
                    -0.13626429401152101,
                    -0.9904489519516206,
                    -0.021045563795670057,
                    -0.2070894617932246
                ],
                [
                    0.7880283262330849,
                    -0.12124083778502852,
                    0.6035826507674545,
                    4.7530622420686655
                ],
                [
                    -0.6003693856550518,
                    0.06566226337189615,
                    0.7970226269918912,
                    -1.6463254518466983
                ],
                [
                    0.0,
                    0.0,
                    0.0,
                    1.0
                ]
            ],
            "colmap_im_id": 184
        },
        {
            "file_path": "images/frame_00183.png",
            "transform_matrix": [
                [
                    -0.13589868068043037,
                    -0.9905073329831479,
                    -0.020658458217632965,
                    -0.2073730217642875
                ],
                [
                    0.7923035808818983,
                    -0.1211764924950405,
                    0.5979726527094033,
                    4.73511060426115
                ],
                [
                    -0.5947996169392173,
                    0.0648959241648554,
                    0.801250232271885,
                    -1.6367468177042586
                ],
                [
                    0.0,
                    0.0,
                    0.0,
                    1.0
                ]
            ],
            "colmap_im_id": 183
        },
        {
            "file_path": "images/frame_00182.png",
            "transform_matrix": [
                [
                    -0.1353928920951875,
                    -0.9905878654224403,
                    -0.02011083409296313,
                    -0.2062284747586222
                ],
                [
                    0.7964990617606914,
                    -0.12089244516127065,
                    0.5924308071979947,
                    4.71598629741924
                ],
                [
                    -0.5892860166204856,
                    0.06419265986655286,
                    0.805370283183343,
                    -1.6273773979758983
                ],
                [
                    0.0,
                    0.0,
                    0.0,
                    1.0
                ]
            ],
            "colmap_im_id": 182
        },
        {
            "file_path": "images/frame_00181.png",
            "transform_matrix": [
                [
                    -0.13495957017739618,
                    -0.9906573739292605,
                    -0.019592904254194583,
                    -0.20379968676129692
                ],
                [
                    0.8006147677129736,
                    -0.12067716552718923,
                    0.5869011973409365,
                    4.697399843644266
                ],
                [
                    -0.5837824150635526,
                    0.06352156484143744,
                    0.8094214617012951,
                    -1.6170244808636691
                ],
                [
                    0.0,
                    0.0,
                    0.0,
                    1.0
                ]
            ],
            "colmap_im_id": 181
        },
        {
            "file_path": "images/frame_00180.png",
            "transform_matrix": [
                [
                    -0.13456434783859988,
                    -0.9907181650548456,
                    -0.019234181062153962,
                    -0.20303527643298905
                ],
                [
                    0.8046353437246195,
                    -0.12057711308699383,
                    0.5813975605631397,
                    4.677357313709334
                ],
                [
                    -0.5783203263935442,
                    0.06275888168192395,
                    0.8133922318599426,
                    -1.6027958950221113
                ],
                [
                    0.0,
                    0.0,
                    0.0,
                    1.0
                ]
            ],
            "colmap_im_id": 180
        },
        {
            "file_path": "images/frame_00179.png",
            "transform_matrix": [
                [
                    -0.133732996000888,
                    -0.9908370278376453,
                    -0.018906878285106003,
                    -0.20080325769049007
                ],
                [
                    0.8087637123472919,
                    -0.12014455737319535,
                    0.5757313113977955,
                    4.654764909957482
                ],
                [
                    -0.5727274599413346,
                    0.06170307609398668,
                    0.8174203245758491,
                    -1.5923567208879568
                ],
                [
                    0.0,
                    0.0,
                    0.0,
                    1.0
                ]
            ],
            "colmap_im_id": 179
        },
        {
            "file_path": "images/frame_00178.png",
            "transform_matrix": [
                [
                    -0.1333330383344761,
                    -0.9908994497307064,
                    -0.018454847923525808,
                    -0.1993248515415294
                ],
                [
                    0.8127319904557462,
                    -0.11997793835903534,
                    0.5701508624890052,
                    4.632484997847057
                ],
                [
                    -0.5671763505104371,
                    0.061021101518235935,
                    0.8213327051756572,
                    -1.575678929118283
                ],
                [
                    0.0,
                    0.0,
                    0.0,
                    1.0
                ]
            ],
            "colmap_im_id": 178
        },
        {
            "file_path": "images/frame_00177.png",
            "transform_matrix": [
                [
                    -0.13276212972497498,
                    -0.9909859408579051,
                    -0.017918759244473167,
                    -0.19666475583062026
                ],
                [
                    0.8165482643461981,
                    -0.11960444560936158,
                    0.5647510146814158,
                    4.609001619925767
                ],
                [
                    -0.5618034788999623,
                    0.060346015713133416,
                    0.8250667909226802,
                    -1.5621706326691878
                ],
                [
                    0.0,
                    0.0,
                    0.0,
                    1.0
                ]
            ],
            "colmap_im_id": 177
        },
        {
            "file_path": "images/frame_00176.png",
            "transform_matrix": [
                [
                    -0.13219514094258672,
                    -0.9910723985317088,
                    -0.017318937027881728,
                    -0.19469754056918032
                ],
                [
                    0.8202021871009512,
                    -0.11918106140741531,
                    0.559521444518991,
                    4.58463076054462
                ],
                [
                    -0.5565903493467937,
                    0.05976098619005551,
                    0.8286349060615334,
                    -1.548914235314289
                ],
                [
                    0.0,
                    0.0,
                    0.0,
                    1.0
                ]
            ],
            "colmap_im_id": 176
        },
        {
            "file_path": "images/frame_00175.png",
            "transform_matrix": [
                [
                    -0.1319063142897837,
                    -0.9911252371859475,
                    -0.016476906978685278,
                    -0.19320853019693573
                ],
                [
                    0.8235489238566199,
                    -0.11882492881495278,
                    0.5546600817678558,
                    4.559878452354917
                ],
                [
                    -0.551695472398576,
                    0.05959362805888603,
                    0.8319138808973506,
                    -1.5328531856066627
                ],
                [
                    0.0,
                    0.0,
                    0.0,
                    1.0
                ]
            ],
            "colmap_im_id": 175
        },
        {
            "file_path": "images/frame_00174.png",
            "transform_matrix": [
                [
                    -0.1312564092581168,
                    -0.9912239203312903,
                    -0.015712886168176825,
                    -0.18947883496215068
                ],
                [
                    0.8264379055182243,
                    -0.11816204217158494,
                    0.5504889827348877,
                    4.5359157995120665
                ],
                [
                    -0.5475145142837006,
                    0.05926948247546047,
                    0.8346945459842029,
                    -1.5192787141961874
                ],
                [
                    0.0,
                    0.0,
                    0.0,
                    1.0
                ]
            ],
            "colmap_im_id": 174
        },
        {
            "file_path": "images/frame_00173.png",
            "transform_matrix": [
                [
                    -0.13056161888124665,
                    -0.9913185116110511,
                    -0.015532939591673654,
                    -0.18463889233973602
                ],
                [
                    0.829301118406785,
                    -0.11778226073151929,
                    0.546248106693495,
                    4.507907360103884
                ],
                [
                    -0.5433353648386636,
                    0.058437552945198666,
                    0.8374793930129945,
                    -1.5089580263361237
                ],
                [
                    0.0,
                    0.0,
                    0.0,
                    1.0
                ]
            ],
            "colmap_im_id": 173
        },
        {
            "file_path": "images/frame_00172.png",
            "transform_matrix": [
                [
                    -0.1299393020584795,
                    -0.9913975413485244,
                    -0.01570645690969015,
                    -0.18366308962242794
                ],
                [
                    0.8320863380865615,
                    -0.11764606484825496,
                    0.5420255800194458,
                    4.479761443470831
                ],
                [
                    -0.5392106302274202,
                    0.05736129735127085,
                    0.8402151973250231,
                    -1.4950693982830952
                ],
                [
                    0.0,
                    0.0,
                    0.0,
                    1.0
                ]
            ],
            "colmap_im_id": 172
        },
        {
            "file_path": "images/frame_00171.png",
            "transform_matrix": [
                [
                    -0.1296341213685629,
                    -0.9914383001848832,
                    -0.015655398542036895,
                    -0.17734416315186188
                ],
                [
                    0.8344399552384469,
                    -0.11760773469244648,
                    0.5384035492473741,
                    4.450448997744745
                ],
                [
                    -0.5356350956375611,
                    0.056731980989741825,
                    0.8425417061809581,
                    -1.4824533954182708
                ],
                [
                    0.0,
                    0.0,
                    0.0,
                    1.0
                ]
            ],
            "colmap_im_id": 171
        },
        {
            "file_path": "images/frame_00170.png",
            "transform_matrix": [
                [
                    -0.12967538382845162,
                    -0.9914303978199446,
                    -0.01581332057254865,
                    -0.1726914256819991
                ],
                [
                    0.8361516254241961,
                    -0.11790952261415664,
                    0.5356750916155955,
                    4.426967059168024
                ],
                [
                    -0.5329491102623389,
                    0.05624153941250288,
                    0.8442761012341242,
                    -1.4636118518912855
                ],
                [
                    0.0,
                    0.0,
                    0.0,
                    1.0
                ]
            ],
            "colmap_im_id": 170
        },
        {
            "file_path": "images/frame_00169.png",
            "transform_matrix": [
                [
                    -0.129763976762074,
                    -0.9914185556107996,
                    -0.01582902162129745,
                    -0.16663531715678193
                ],
                [
                    0.8374422800154487,
                    -0.11813003311950879,
                    0.5336063370291908,
                    4.404979895255113
                ],
                [
                    -0.5308971067706233,
                    0.05598698836139821,
                    0.8455848385329541,
                    -1.444460498077166
                ],
                [
                    0.0,
                    0.0,
                    0.0,
                    1.0
                ]
            ],
            "colmap_im_id": 169
        },
        {
            "file_path": "images/frame_00168.png",
            "transform_matrix": [
                [
                    -0.13009034117710058,
                    -0.9913784298849959,
                    -0.015662435672195194,
                    -0.1610370164575514
                ],
                [
                    0.8385959053691419,
                    -0.11844244906368145,
                    0.5317220079683617,
                    4.382970427857102
                ],
                [
                    -0.528992826634289,
                    0.05603744300516671,
                    0.8467741105813921,
                    -1.420581573003778
                ],
                [
                    0.0,
                    0.0,
                    0.0,
                    1.0
                ]
            ],
            "colmap_im_id": 168
        },
        {
            "file_path": "images/frame_00167.png",
            "transform_matrix": [
                [
                    -0.1300948325825644,
                    -0.9913807582882461,
                    -0.01547664792958988,
                    -0.15429796203068838
                ],
                [
                    0.839660817934467,
                    -0.11845973023666524,
                    0.5300349074710818,
                    4.360519184063494
                ],
                [
                    -0.5272997680266286,
                    0.055959667690922185,
                    0.8478345771617156,
                    -1.400378064758687
                ],
                [
                    0.0,
                    0.0,
                    0.0,
                    1.0
                ]
            ],
            "colmap_im_id": 167
        },
        {
            "file_path": "images/frame_00166.png",
            "transform_matrix": [
                [
                    -0.1301980004245924,
                    -0.9913713988512534,
                    -0.015206256118682458,
                    -0.14684049794573226
                ],
                [
                    0.840642351801485,
                    -0.11850850318472952,
                    0.5284658655301997,
                    4.3356279706854135
                ],
                [
                    -0.5257080150074811,
                    0.05602217607897859,
                    0.848818354387009,
                    -1.3796350051929211
                ],
                [
                    0.0,
                    0.0,
                    0.0,
                    1.0
                ]
            ],
            "colmap_im_id": 166
        },
        {
            "file_path": "images/frame_00165.png",
            "transform_matrix": [
                [
                    -0.13061734496265823,
                    -0.9913253680862228,
                    -0.014598759660343002,
                    -0.14053097956770183
                ],
                [
                    0.8411636810649197,
                    -0.11860191451721167,
                    0.5276146771367964,
                    4.311654223448616
                ],
                [
                    -0.5247692548656216,
                    0.05663568187606231,
                    0.84935836293417,
                    -1.350876703283105
                ],
                [
                    0.0,
                    0.0,
                    0.0,
                    1.0
                ]
            ],
            "colmap_im_id": 165
        },
        {
            "file_path": "images/frame_00164.png",
            "transform_matrix": [
                [
                    -0.1305703629611473,
                    -0.9913442626025808,
                    -0.013708877457301233,
                    -0.13426198643891393
                ],
                [
                    0.8415193121847594,
                    -0.11812664487817873,
                    0.5271540031052726,
                    4.288481808356425
                ],
                [
                    -0.5242104801854723,
                    0.057294404393183944,
                    0.849659180900758,
                    -1.314376731988425
                ],
                [
                    0.0,
                    0.0,
                    0.0,
                    1.0
                ]
            ],
            "colmap_im_id": 164
        },
        {
            "file_path": "images/frame_00163.png",
            "transform_matrix": [
                [
                    -0.1302556381285857,
                    -0.9913881203525801,
                    -0.01353009828099156,
                    -0.1291230567221083
                ],
                [
                    0.8419470778565518,
                    -0.11780706089249517,
                    0.5265421298364314,
                    4.262113069186832
                ],
                [
                    -0.5236015534970542,
                    0.057193454412636215,
                    0.8500413648451594,
                    -1.2814995920924523
                ],
                [
                    0.0,
                    0.0,
                    0.0,
                    1.0
                ]
            ],
            "colmap_im_id": 163
        },
        {
            "file_path": "images/frame_00162.png",
            "transform_matrix": [
                [
                    -0.12994198641916407,
                    -0.991416787770565,
                    -0.014416417451517468,
                    -0.1238967026356196
                ],
                [
                    0.8422316387936639,
                    -0.1180379382395311,
                    0.5260350860456932,
                    4.230443140677719
                ],
                [
                    -0.5232216994548112,
                    0.05621208111122816,
                    0.8503406700592202,
                    -1.257282961797593
                ],
                [
                    0.0,
                    0.0,
                    0.0,
                    1.0
                ]
            ],
            "colmap_im_id": 162
        },
        {
            "file_path": "images/frame_00161.png",
            "transform_matrix": [
                [
                    -0.13037361540888984,
                    -0.9913582859663285,
                    -0.01454198236550651,
                    -0.1188911410134779
                ],
                [
                    0.8421580554064413,
                    -0.11846886185308252,
                    0.5260560221927669,
                    4.203009463054967
                ],
                [
                    -0.5232327685832152,
                    0.056337177930200495,
                    0.8503255801536284,
                    -1.2243797095990954
                ],
                [
                    0.0,
                    0.0,
                    0.0,
                    1.0
                ]
            ],
            "colmap_im_id": 161
        },
        {
            "file_path": "images/frame_00160.png",
            "transform_matrix": [
                [
                    -0.13052887298685148,
                    -0.9913470180958237,
                    -0.013903345975009718,
                    -0.11494658062166507
                ],
                [
                    0.8422762949373819,
                    -0.11827672968111948,
                    0.5259099335461308,
                    4.17801291057216
                ],
                [
                    -0.5230036867014789,
                    0.056935972183302645,
                    0.850426621624819,
                    -1.1821503738292798
                ],
                [
                    0.0,
                    0.0,
                    0.0,
                    1.0
                ]
            ],
            "colmap_im_id": 160
        },
        {
            "file_path": "images/frame_00159.png",
            "transform_matrix": [
                [
                    -0.13008519115810527,
                    -0.9914083987734753,
                    -0.013683197096186898,
                    -0.11311660987787436
                ],
                [
                    0.8429171089465924,
                    -0.11784691680354256,
                    0.5249789059048157,
                    4.150876563646956
                ],
                [
                    -0.5220810190827451,
                    0.056758180391136656,
                    0.8510052399792905,
                    -1.1474581085311597
                ],
                [
                    0.0,
                    0.0,
                    0.0,
                    1.0
                ]
            ],
            "colmap_im_id": 159
        },
        {
            "file_path": "images/frame_00158.png",
            "transform_matrix": [
                [
                    -0.1295210385316934,
                    -0.9914850664608104,
                    -0.01347826260591541,
                    -0.11355831883280541
                ],
                [
                    0.8438689840501863,
                    -0.11735470734562335,
                    0.5235580296604467,
                    4.123411541835952
                ],
                [
                    -0.5206817053976237,
                    0.05643789196121275,
                    0.8518833993072038,
                    -1.1145494776241978
                ],
                [
                    0.0,
                    0.0,
                    0.0,
                    1.0
                ]
            ],
            "colmap_im_id": 158
        },
        {
            "file_path": "images/frame_00157.png",
            "transform_matrix": [
                [
                    -0.1289314533335639,
                    -0.9915656632539653,
                    -0.013199083188563865,
                    -0.11333484360951941
                ],
                [
                    0.8455540927276963,
                    -0.11688024057527181,
                    0.520938850187341,
                    4.0916651750900135
                ],
                [
                    -0.5180877885192212,
                    0.05600486424222605,
                    0.8534919440559899,
                    -1.082436171889241
                ],
                [
                    0.0,
                    0.0,
                    0.0,
                    1.0
                ]
            ],
            "colmap_im_id": 157
        },
        {
            "file_path": "images/frame_00156.png",
            "transform_matrix": [
                [
                    -0.12828238094444488,
                    -0.9916567858679259,
                    -0.012666877331016672,
                    -0.11246453163166925
                ],
                [
                    0.8477293174241621,
                    -0.11627430105923946,
                    0.5175280584593934,
                    4.060096259176157
                ],
                [
                    -0.5146830433565773,
                    0.0556516482710085,
                    0.8555724743853858,
                    -1.0511539987626912
                ],
                [
                    0.0,
                    0.0,
                    0.0,
                    1.0
                ]
            ],
            "colmap_im_id": 156
        },
        {
            "file_path": "images/frame_00155.png",
            "transform_matrix": [
                [
                    -0.12754877360148134,
                    -0.9917614001169937,
                    -0.011858987761951725,
                    -0.1103746441496584
                ],
                [
                    0.8508628305613578,
                    -0.11555653051907984,
                    0.5125223232440778,
                    4.02425598030708
                ],
                [
                    -0.5096702403730006,
                    0.0552812218784374,
                    0.8585920058943916,
                    -1.0201675628048468
                ],
                [
                    0.0,
                    0.0,
                    0.0,
                    1.0
                ]
            ],
            "colmap_im_id": 155
        },
        {
            "file_path": "images/frame_00154.png",
            "transform_matrix": [
                [
                    -0.12630641094806916,
                    -0.9919295639580007,
                    -0.011064840690585697,
                    -0.10888479307692321
                ],
                [
                    0.8545442327622563,
                    -0.11446372999216245,
                    0.5066085360207107,
                    3.985383329867236
                ],
                [
                    -0.5037865071696381,
                    0.05453251014185845,
                    0.8621051911057284,
                    -0.9900516047040545
                ],
                [
                    0.0,
                    0.0,
                    0.0,
                    1.0
                ]
            ],
            "colmap_im_id": 154
        },
        {
            "file_path": "images/frame_00153.png",
            "transform_matrix": [
                [
                    -0.12492891515494094,
                    -0.9921161596821189,
                    -0.009914224922496637,
                    -0.10431560091850835
                ],
                [
                    0.8589045865452413,
                    -0.11314600650417284,
                    0.49948062267089577,
                    3.9434193619401094
                ],
                [
                    -0.4966645521574474,
                    0.05388419907321594,
                    0.8662683277833029,
                    -0.9624665912359601
                ],
                [
                    0.0,
                    0.0,
                    0.0,
                    1.0
                ]
            ],
            "colmap_im_id": 153
        },
        {
            "file_path": "images/frame_00152.png",
            "transform_matrix": [
                [
                    -0.12357356545694721,
                    -0.9922986941072339,
                    -0.008536720291524526,
                    -0.09779558784037565
                ],
                [
                    0.8634557030025662,
                    -0.11176010995897645,
                    0.49188812424605444,
                    3.8984762140683595
                ],
                [
                    -0.4890540081346864,
                    0.05341328949836023,
                    0.870616561772381,
                    -0.9375648488168267
                ],
                [
                    0.0,
                    0.0,
                    0.0,
                    1.0
                ]
            ],
            "colmap_im_id": 152
        },
        {
            "file_path": "images/frame_00151.png",
            "transform_matrix": [
                [
                    -0.12207781429243152,
                    -0.9924951811643874,
                    -0.00709384402508643,
                    -0.09216164249903734
                ],
                [
                    0.8677717661788824,
                    -0.11020032412610277,
                    0.48459060080163,
                    3.856457910934029
                ],
                [
                    -0.4817355800440377,
                    0.053001923813872455,
                    0.8747123109866827,
                    -0.9115253914064774
                ],
                [
                    0.0,
                    0.0,
                    0.0,
                    1.0
                ]
            ],
            "colmap_im_id": 151
        },
        {
            "file_path": "images/frame_00150.png",
            "transform_matrix": [
                [
                    -0.12023496717984689,
                    -0.9927287034440901,
                    -0.005768364194176075,
                    -0.08553320732699934
                ],
                [
                    0.8720847738858784,
                    -0.10839591815839289,
                    0.4771985667235549,
                    3.806918114999997
                ],
                [
                    -0.4743539815619526,
                    0.05234545142430718,
                    0.8787765665352644,
                    -0.8891254187717696
                ],
                [
                    0.0,
                    0.0,
                    0.0,
                    1.0
                ]
            ],
            "colmap_im_id": 150
        },
        {
            "file_path": "images/frame_00149.png",
            "transform_matrix": [
                [
                    -0.11854196264015734,
                    -0.9929375043550376,
                    -0.004787017715571409,
                    -0.08402694282735299
                ],
                [
                    0.8764007872217063,
                    -0.10689303862947502,
                    0.46956952461774054,
                    3.7550853101968547
                ],
                [
                    -0.4667648907647112,
                    0.05146834694982162,
                    0.8828825210704196,
                    -0.8673116603163687
                ],
                [
                    0.0,
                    0.0,
                    0.0,
                    1.0
                ]
            ],
            "colmap_im_id": 149
        },
        {
            "file_path": "images/frame_00148.png",
            "transform_matrix": [
                [
                    -0.11703625219886311,
                    -0.9931222954487638,
                    -0.0032591339067830146,
                    -0.0795196221031673
                ],
                [
                    0.8801570249926455,
                    -0.10524265910720196,
                    0.4628688735053816,
                    3.698938960474113
                ],
                [
                    -0.46002839806618423,
                    0.051303888611132706,
                    0.8864207714094006,
                    -0.8473372298446267
                ],
                [
                    0.0,
                    0.0,
                    0.0,
                    1.0
                ]
            ],
            "colmap_im_id": 148
        },
        {
            "file_path": "images/frame_00147.png",
            "transform_matrix": [
                [
                    -0.11554434747689582,
                    -0.9933011667059701,
                    -0.0015152513641910584,
                    -0.07937572950692877
                ],
                [
                    0.8835936651443689,
                    -0.1034794259437162,
                    0.4566773952399002,
                    3.6406586214479666
                ],
                [
                    -0.4537749868413633,
                    0.05142762513394214,
                    0.8896310812298565,
